
paper:0
ticket:0
plastic:0
candy:1678450158.042859
blueclay:1678450109.769166
redclay:1678450202.6708639
tacky:0
pesticide:0
heattreated:0
hydroponic:0
petal:0
plenty:0
festive:0