
paper:0
ticket:0
plastic:0
candy:1679141216.264141
blueclay:1679143779.4729369
redclay:1679143731.59554
tacky:0
pesticide:0
heattreated:0
hydroponic:0
petal:0
plenty:0
festive:0