
paper:0
ticket:0
plastic:0
candy:1678082356.974588
blueclay:1678082260.238803
redclay:1678082303.951953
tacky:0
pesticide:0
heattreated:0
hydroponic:0
petal:0
plenty:0
festive:0