
stump_snail:0
ladybug_strawberry:0
ladybug_mushroom:0
ladybug_clover:0
mantis_pineapple:0
mantis_pinetree:1674729858.71226
scorpion_rose:0
werewolf:1674730186.1369221
spider_spider:1674554565.005441
rhinobeetle_blueflower:0
rhinobeetle_bamboo:1674526947.228873
rhinobeetle_pineapple:0
rhinobeetle_clover:0
wealthclock:1674700246.078388
blueberrydispenser:0
strawberrydispenser:0
royaljellydispenser:0
treatdispenser:0
redclay:1674975874.183677