bugs=5
quests_completed=0
vicious_bees=0
gathering_time=1579.523605108261
converting_time=798.5328416824341
bug_run_time=1599.8436825275421
misc_time=0