bugs=2
quests_completed=0
vicious_bees=0
gathering_time=1174.1873319149017
converting_time=744.7147831916809
bug_run_time=0
misc_time=0