bugs=25
quests_completed=0
vicious_bees=0
gathering_time=2110.001835823059
converting_time=1791.106674194336
bug_run_time=181.17401504516602
misc_time=0