bugs=0
quests_completed=0
vicious_bees=0
gathering_time=263.9331293106079
converting_time=24.74706220626831
bug_run_time=0
misc_time=0