bugs=0
quests_completed=0
vicious_bees=0
gathering_time=78.46442008018494
converting_time=17.9994113445282
bug_run_time=0
misc_time=0