bugs=3
quests_completed=0
vicious_bees=0
gathering_time=706.2608141899109
converting_time=290.33549761772156
bug_run_time=0
misc_time=76.85553693771362