bugs=2
quests_completed=0
vicious_bees=0
gathering_time=0
converting_time=7.102195978164673
bug_run_time=0
misc_time=66.83523917198181