bugs=0
quests_completed=0
vicious_bees=0
gathering_time=74.42233872413635
converting_time=449.73725986480713
bug_run_time=0
misc_time=1124.7092154026031