bugs=0
quests_completed=0
vicious_bees=0
gathering_time=0
converting_time=7.391413927078247
bug_run_time=0
misc_time=35.8347110748291