bugs=6
quests_completed=0
vicious_bees=0
gathering_time=1828.6892051696777
converting_time=822.0234730243683
bug_run_time=0
misc_time=131.87704348564148