bugs=11
quests_completed=0
vicious_bees=2
gathering_time=2313.244605064392
converting_time=155.18428707122803
bug_run_time=357.6782739162445
misc_time=0