bugs=0
quests_completed=0
vicious_bees=0
gathering_time=0
converting_time=19.528671979904175
bug_run_time=0
misc_time=52.770790100097656