bugs=0
quests_completed=0
vicious_bees=0
gathering_time=0
converting_time=166.8118360042572
bug_run_time=0
misc_time=56.61311888694763