bugs=2
quests_completed=0
vicious_bees=0
gathering_time=540.0427346229553
converting_time=57.669259548187256
bug_run_time=0
misc_time=444.09483909606934