bugs=0
quests_completed=0
vicious_bees=0
gathering_time=120.39422106742859
converting_time=6.10621190071106
bug_run_time=0
misc_time=0