bugs=0
quests_completed=0
vicious_bees=0
gathering_time=37.565261125564575
converting_time=52.927748918533325
bug_run_time=0
misc_time=0