bugs=7
quests_completed=0
vicious_bees=0
gathering_time=323.8446116447449
converting_time=430.24815487861633
bug_run_time=58.08823013305664
misc_time=0