bugs=2
quests_completed=0
vicious_bees=0
gathering_time=51.81665086746216
converting_time=54.23881196975708
bug_run_time=0
misc_time=76.46351075172424