bugs=0
quests_completed=0
vicious_bees=0
gathering_time=517.2586362361908
converting_time=364.5736529827118
bug_run_time=0
misc_time=0