rejoin_every=1745979857.7009358
convert_balloon=1745981987.7630332