wealth_clock=1724124446.9674363
blueberry_dispenser=1723639631.5261157
strawberry_dispenser=0
royal_jelly_dispenser=0
treat_dispenser=0
ant_pass_dispenser=0
stockings=0
feast=0
samovar=0
snow_machine=0
lid_art=0
candles=0
wreath=1724206030.7849054
glue_dispenser=1724156631.971306
mondo=0
sticker_printer=1724205025.077151