rejoin_every=1746449902.9703171
convert_balloon=1746453033.546777